GAS_PIPELINE: 0.0067845888556995184
LNG_TRANSFER: 159.29971233129862
OIL_PIPELINE: 0.01286781454766686
RAILCOST: 0.0025396825396825397
RAILLOAD: 2.8571428571428577
ROADCOST: 0.006349206349206349
ROADLOAD: 5.714285714285715
SEACOST: 0.0031746031746031746
SEALOAD: 1.4285714285714288
N_WORKERS: 6
COMMUNITY_LEVEL: -1
check_paths: true
constrain_production: true
run_constrained: false
tperTJ:
  coal: 34.129692832764505
  gas: 19.23076923076923
  oil: 23.88344877000239
